<!doctype html><html lang="ja"><head><meta charset="utf-8">
<meta name="viewport" content="width=device-width,initial-scale=1"><title>⑤ 脱レバ配分マップ（ゴールドプラス × 金）</title>
<link rel="preconnect" href="https://fonts.googleapis.com"><link rel="preconnect" href="https://fonts.gstatic.com" crossorigin><link href="https://fonts.googleapis.com/css2?family=Inter:wght@400;500;600;700&family=IBM+Plex+Sans+JP:wght@400;500;700&display=swap" rel="stylesheet" media="print" onload="this.media='all'"><noscript><link href="https://fonts.googleapis.com/css2?family=Inter:wght@400;500;600;700&family=IBM+Plex+Sans+JP:wght@400;500;700&display=swap" rel="stylesheet"></noscript>
<style>
 :root{--ink:#E8ECF5;--muted:#94A0B8;--line:rgba(255,255,255,.08);--teal:#22D3AA;--purple:#8B7DFF;--red:#FF5D73}
 *{box-sizing:border-box}
 body{font-family:Inter, 'IBM Plex Sans JP', system-ui, 'Hiragino Kaku Gothic ProN', Meiryo, sans-serif;color:var(--ink);max-width:1040px;margin:0 auto;padding:1.4rem 1rem 3rem;
   background:radial-gradient(1100px 560px at 12% -12%,rgba(139,125,255,.20),transparent 60%),
              radial-gradient(900px 480px at 112% 4%,rgba(34,211,170,.14),transparent 55%),#0B1020;
   -webkit-font-smoothing:antialiased;text-rendering:optimizeLegibility}
 .kicker{font-size:11px;letter-spacing:.24em;text-transform:uppercase;color:var(--teal);font-weight:600;margin:.2rem 0 .4rem}
 h1.title{font-size:18px;font-weight:700;margin:0 0 1rem;letter-spacing:.01em;line-height:1.4}
 .card{background:linear-gradient(180deg,rgba(255,255,255,.045),rgba(255,255,255,.012));
   border:1px solid var(--line);border-radius:18px;padding:.5rem .4rem;
   box-shadow:0 24px 70px -28px rgba(0,0,0,.85),inset 0 1px 0 rgba(255,255,255,.05)}
 .cond{margin-top:1.1rem;border:1px solid var(--line);border-radius:14px;
   background:linear-gradient(180deg,rgba(255,255,255,.04),rgba(255,255,255,.01));padding:.9rem 1.15rem}
 .cond h2{font-size:14px;margin:.1rem 0 .6rem;color:var(--ink);letter-spacing:.02em}
 .cond ul{margin:.2rem 0;padding-left:1.2rem;line-height:1.7;font-size:13px;color:#C3CAD9}
 .cond li{margin:.3rem 0} .cond b{color:var(--ink)}
 .cond .note{font-size:12px;color:var(--muted);margin:.7rem 0 0}
 .guide{margin-top:1.1rem;border:1px solid var(--line);border-left:3px solid var(--teal);border-radius:14px;
   background:linear-gradient(180deg,rgba(34,211,170,.07),rgba(255,255,255,.012));padding:1rem 1.2rem}
 .guide h3{font-size:12px;margin:1rem 0 .45rem;color:var(--teal);letter-spacing:.06em;text-transform:uppercase;font-weight:600}
 .guide h3:first-of-type{margin-top:.2rem}
 .guide .lead{font-size:14px;font-weight:600;margin:0;line-height:1.55}
 .guide ul{margin:.3rem 0 .2rem;padding-left:1.2rem;line-height:1.72;font-size:13px;color:#C3CAD9}
 .guide li{margin:.32rem 0} .guide b{color:var(--ink)}
 .guide .pt{color:var(--teal);font-weight:600} .guide .seq{font-size:12px;color:var(--muted);margin:.7rem 0 0}
 .guide table{border-collapse:collapse;width:100%;margin:.4rem 0 .3rem;font-size:12.5px}
 .guide th,.guide td{border-bottom:1px solid var(--line);padding:.4rem .5rem;text-align:left;vertical-align:top}
 .guide th{color:var(--muted);font-weight:600}
 .guide td.lev{color:var(--teal);font-weight:700;white-space:nowrap}
 a{color:var(--teal);text-decoration:none} a:hover{text-decoration:underline}
 .gpctl{display:flex;flex-direction:column;gap:.55rem;margin:.5rem .5rem .7rem} .gpctl-row{display:flex;align-items:center;gap:.5rem;flex-wrap:wrap} .gpctl-lbl{font-size:13px;color:var(--muted)} .gpctl-lbl b{color:var(--ink);font-size:14px} .gpctl-hint{font-size:11.5px;color:var(--muted)} #wslider{flex:1;min-width:150px;max-width:340px;accent-color:var(--teal)} .gpm{background:rgba(255,255,255,.07);border:1px solid var(--line);color:var(--ink);border-radius:8px;padding:.34rem .62rem;font-size:12.5px;cursor:pointer;transition:background .12s,border-color .12s,color .12s} .gpm:hover{background:rgba(34,211,170,.18);border-color:var(--teal);color:#fff} .gpm.active{background:var(--teal);color:#08121f;font-weight:700;border-color:var(--teal)}
</style></head><body>
<div class="kicker">Monte Carlo · Delever Allocation Map</div>
<h1 class="title">⑤ 脱レバ配分マップ（ゴールドプラス × 金）</h1>
<div class="card">
<div class='gpctl'><div class='gpctl-row'><span class='gpctl-lbl'>毎月の引き出し額：<b id='wlabel'>50</b>万円／月</span><input id='wslider' type='range' min='10' max='100' step='10' value='50' aria-label='毎月の引き出し額'><span class='gpctl-hint'>10〜100万で地図が更新</span></div><div class='gpctl-row'><span class='gpctl-lbl'>色で見る指標：</span><button class='gpm active' data-m='floor'>floor（最悪5%）</button><button class='gpm' data-m='dep'>枯渇率</button><button class='gpm' data-m='med'>中央値</button><button class='gpm' data-m='dd'>最大DD</button><button class='gpm' data-m='gross'>総レバ%</button><span class='gpctl-hint'><span style='color:var(--teal)'>ティール=良い</span>／<span style='color:var(--red)'>赤=悪い</span>・セルにマウスで4指標</span></div></div>
<div style="height:560px; width:100%;">                        <script>window.PlotlyConfig = {MathJaxConfig: 'local'};</script>
        <script charset="utf-8" src="plotly.min.js"></script>                <div id="gpmap" class="plotly-graph-div" style="height:100%; width:100%;"></div>            <script>                window.PLOTLYENV=window.PLOTLYENV || {};                                if (document.getElementById("gpmap")) {                    Plotly.newPlot(                        "gpmap",                        [{"colorbar":{"outlinewidth":0,"thickness":12,"tickfont":{"color":"#94A0B8"}},"colorscale":[[0,"#FF5D73"],[0.5,"#7A6BFF"],[1,"#1E9E84"]],"customdata":[[[3.01,0.0,11.8,-30.0,100,0,68],[3.33,0.1,15.8,-34.0,114,14,54],[3.18,0.1,20.6,-38.0,127,27,41],[2.77,0.3,25.3,-44.0,141,41,27],[2.15,0.9,30.1,-50.0,154,54,14],[1.37,1.7,33.7,-58.0,168,68,0]],[[2.7,0.1,14.1,-34.0,110,0,58],[2.57,0.2,17.5,-38.0,122,12,46],[2.28,0.4,21.1,-44.0,133,23,35],[1.85,0.9,24.4,-50.0,145,35,23],[1.25,1.6,27.2,-56.0,156,46,12],[0.66,2.9,29.0,-62.0,168,58,0]],[[1.91,0.4,15.6,-41.0,120,0,48],[1.69,0.7,18.0,-46.0,130,10,38],[1.31,1.3,20.2,-51.0,139,19,29],[0.91,2.0,22.3,-56.0,149,29,19],[0.53,3.1,23.5,-61.0,158,38,10],[0.09,4.6,24.3,-66.0,168,48,0]],[[0.95,1.6,15.8,-51.0,130,0,38],[0.7,2.2,17.2,-55.0,138,8,30],[0.47,3.0,18.3,-59.0,145,15,23],[0.19,4.0,19.1,-63.0,153,23,15],[0.0,5.3,19.6,-67.0,160,30,8],[0.0,6.7,19.6,-71.0,168,38,0]],[[0.12,4.3,14.5,-61.0,140,0,28],[0.0,5.0,15.0,-64.0,146,6,22],[0.0,5.9,15.4,-67.0,151,11,17],[0.0,7.1,15.4,-70.0,157,17,11],[0.0,8.2,15.4,-73.0,162,22,6],[0.0,9.8,15.2,-75.0,168,28,0]],[[0.0,8.6,12.0,-71.0,150,0,18],[0.0,9.4,11.9,-73.0,154,4,14],[0.0,10.3,11.8,-75.0,157,7,11],[0.0,11.6,11.6,-76.0,161,11,7],[0.0,12.6,11.3,-78.0,164,14,4],[0.0,13.7,11.1,-80.0,168,18,0]],[[0.0,13.3,9.4,-78.0,157,0,11],[0.0,14.0,9.3,-79.0,159,2,9],[0.0,14.5,9.1,-80.0,161,4,7],[0.0,15.3,9.0,-81.0,164,7,4],[0.0,16.0,8.8,-82.0,166,9,2],[0.0,16.8,8.5,-83.0,168,11,0]]],"hovertemplate":"\u003cb\u003e\u5b9f\u969b\u306e\u914d\u5206\u003c\u002fb\u003e\uff1a\u30ec\u30d0\u30ca\u30b9%{y}% \uff0f \u30b4\u30fc\u30eb\u30c9\u30d7\u30e9\u30b9%{customdata[5]:.0f}% \uff0f \u73fe\u7269\u91d1%{customdata[6]:.0f}% \uff0f \u682a32%\u3000\u003cb\u003e\u7dcf\u30ec\u30d0%{customdata[4]:.0f}%\u003c\u002fb\u003e\u003cbr\u003e\u003cspan style='color:#9AA4B8'\u003e(\u6a2a\u8ef8\u306e%\u306f\u30af\u30c3\u30b7\u30e7\u30f3\u5185\u306e\u6bd4\u7387)\u003c\u002fspan\u003e\u003cbr\u003efloor(\u6700\u60aa5%): %{customdata[0]:.2f}\u500d\u3000\u67af\u6e07\u7387: %{customdata[1]:.1f}%\u003cbr\u003e\u4e2d\u592e\u5024: %{customdata[2]:.1f}\u500d\u3000\u6700\u5927DD: %{customdata[3]:.0f}%\u003cextra\u003e\u003c\u002fextra\u003e","text":[[3.01,3.33,3.18,2.77,2.15,1.37],[2.7,2.57,2.28,1.85,1.25,0.66],[1.91,1.69,1.31,0.91,0.53,0.09],[0.95,0.7,0.47,0.19,0.0,0.0],[0.12,0.0,0.0,0.0,0.0,0.0],[0.0,0.0,0.0,0.0,0.0,0.0],[0.0,0.0,0.0,0.0,0.0,0.0]],"textfont":{"color":"#FFFFFF","size":11},"texttemplate":"%{z:.2f}","x":[0,20,40,60,80,100],"xgap":3,"y":[0,10,20,30,40,50,57],"ygap":3,"z":[[3.01,3.33,3.18,2.77,2.15,1.37],[2.7,2.57,2.28,1.85,1.25,0.66],[1.91,1.69,1.31,0.91,0.53,0.09],[0.95,0.7,0.47,0.19,0.0,0.0],[0.12,0.0,0.0,0.0,0.0,0.0],[0.0,0.0,0.0,0.0,0.0,0.0],[0.0,0.0,0.0,0.0,0.0,0.0]],"zmax":5.37,"zmin":0,"type":"heatmap"}],                        {"template":{"layout":{"colorway":["#8B7DFF","#22D3AA","#F5B544","#5BA8FF","#FF5D73"],"font":{"color":"#E8ECF5","family":"Inter, 'IBM Plex Sans JP', system-ui, 'Hiragino Kaku Gothic ProN', Meiryo, sans-serif","size":13},"hoverlabel":{"bgcolor":"#121A2E","bordercolor":"#8B7DFF","font":{"color":"#E8ECF5","family":"Inter, 'IBM Plex Sans JP', system-ui, 'Hiragino Kaku Gothic ProN', Meiryo, sans-serif"}},"legend":{"bgcolor":"rgba(255,255,255,0.03)","bordercolor":"rgba(255,255,255,0.07)","borderwidth":1,"font":{"color":"#E8ECF5"}},"modebar":{"activecolor":"#22D3AA","bgcolor":"rgba(0,0,0,0)","color":"#94A0B8"},"paper_bgcolor":"rgba(0,0,0,0)","plot_bgcolor":"rgba(0,0,0,0)","title":{"font":{"color":"#E8ECF5","family":"Inter, 'IBM Plex Sans JP', system-ui, 'Hiragino Kaku Gothic ProN', Meiryo, sans-serif","size":17},"x":0.02},"xaxis":{"gridcolor":"rgba(255,255,255,0.07)","linecolor":"rgba(255,255,255,0.07)","showline":false,"tickcolor":"rgba(255,255,255,0.07)","tickfont":{"color":"#94A0B8"},"ticks":"outside","title":{"font":{"color":"#94A0B8"}},"zerolinecolor":"rgba(255,255,255,0.18)"},"yaxis":{"gridcolor":"rgba(255,255,255,0.07)","linecolor":"rgba(255,255,255,0.07)","showline":false,"tickcolor":"rgba(255,255,255,0.07)","tickfont":{"color":"#94A0B8"},"ticks":"outside","title":{"font":{"color":"#94A0B8"}},"zerolinecolor":"rgba(255,255,255,0.18)"}}},"margin":{"t":36,"b":70},"xaxis":{"title":{"text":"\u30b4\u30fc\u30eb\u30c9\u30d7\u30e9\u30b9NASDAQ \u306e\u5272\u5408\uff08\u201c\u30af\u30c3\u30b7\u30e7\u30f3\u201d\u5185\u3067\u306e\u6bd4\u7387\u30fb\u6b8b\u308a\u306f\u73fe\u7269\u91d1\uff09\u2192 \u53f3\u307b\u3069\u6210\u9577\u5bc4\u308a\u3000\u203b\u5b9f\u969b\u306e\u4fdd\u6709%\u306f\u30db\u30d0\u30fc\u53c2\u7167"},"ticksuffix":"%","tickvals":[0,20,40,60,80,100],"gridcolor":"rgba(0,0,0,0)"},"yaxis":{"title":{"text":"\u30ec\u30d0\u30ca\u30b9\u6b8b\u3057%\uff08\u2193\u307b\u3069\u8131\u30ec\u30d0\uff09"},"ticksuffix":"%","tickvals":[0,10,20,30,40,50,57],"gridcolor":"rgba(0,0,0,0)"},"height":560,"title":{}},                        {"responsive": true, "displaylogo": false}                    )                };            </script>        </div>
</div>
<div class="guide"><p class='lead'>これは脱レバの<b>配分を決めるための地図</b>。上の<b>引き出し額スライダー</b>と<b>指標ボタン</b>を動かし、2つの軸を見比べて破綻回避と成長のどこで折り合うかを選ぶ。色は <span style='color:#22D3AA'>ティール=良い</span>／<span style='color:#FF5D73'>赤=悪い</span>。<b>セルにマウスを乗せると4指標すべて</b>出る。</p><h3>① 操作と2つの軸</h3><ul><li><b>引き出し額スライダー</b>（毎月10〜100万円）：動かすと地図全体が再計算。引き出しを増やすほど全体が赤く（枯渇↑・floor↓）なる＝取崩率の影響を体感できる（既定50万＝年600万・取崩率約2.8%）。</li><li><b>縦＝レバナス残し%</b>（下ほど脱レバ）。今の57%から、どこまで売るか。</li><li><b>横＝ゴールドプラスNASDAQ の割合</b>（右ほど多い／残りは現物金）。脱レバで空いた資金を「レバ付きの株+金（ゴールドプラス）」と「レバ無しの現物金」にどう振るか。株32%は固定。</li><li>⚠️ 横軸は<b>“クッション”＝(68%−レバナス残し) の中での比率</b>。だから<b>レバナスを多く残す行ほどクッションが小さく</b>（例：レバナス57%ならクッションは11%だけ）、GP%を動かしても総レバはわずかしか動かない。<b>ゴールドプラス（2倍）を効かせるには、まずレバナスを売って枠を空ける必要がある</b>。各マスの実際の保有%はホバーで確認。</li><li><b>指標ボタン</b>で色を floor(最悪5%)／枯渇率／中央値／最大DD に切替。</li></ul><h3>② どう決めるか（読み筋）</h3><ul><li><b>まず縦を下まで＝レバナスは0%へ</b>：上の行（レバナス残し）は floor も枯渇も赤く悪化。残す利点はほぼ無い（中央値もレバ20%超で頭打ち）。</li><li><b>次に横で“成長↔安全”を選ぶ</b>：<span style='color:#22D3AA'>左（現物金多め）＝floor厚い・最も安全</span>／<span style='color:#F5B544'>右（ゴールドプラス多め）＝中央値が高い・成長</span>。ゴールドプラスは成長を上げるが floor/枯渇を悪化させる<b>ダイヤル</b>。</li><li>⚠️ <b>ゴールドプラスは1本で“2倍”</b>。だから右下（レバ0・GP100%）は <b>総レバ168%＝現状(157%)より高い</b>“最もレバの効いた”角。中央値が最高なのは当然で、その分 floor は薄い。指標ボタン<b>「総レバ%」</b>で各マスの総レバが見える（＝GP100%は脱レバではなく“レバの掛け替え”）。</li><li><span class='pt'>あなたの『成長重視・暴落許容』なら</span>：<b>レバナス0%・ゴールドプラス60〜75%</b>あたりが妥協点（floor 約2.5〜3倍を残しつつ中央値25〜30倍）。floorを厚くしたいほど左へ寄せる。</li></ul><h3>③ 立場別のおすすめ配分（悲観・レバナスは全立場0%が共通）</h3><table><tr><th>立場</th><th>ゴールドプラス : 現物金</th><th>ねらい / 悲観の数値</th></tr><tr><td>🧮 <b>数学的・統計的に合理</b><br>（破産回避＋幾何成長＝半Kelly）</td><td class='lev'>40 : 60</td><td>floorがほぼ最大(≈3.2倍・分散で全金より高い)を保ちつつ<b>幾何成長(Kelly)の約7割</b>を確保。Kelly全力はGP100だが金全張りで推定誤差に脆い→<b>半Kelly的に抑えるのが統計的に頑健</b>な“効率点”</td></tr><tr><td>🛡️ 破綻回避 最優先（保守）</td><td class='lev'>0〜20 : 100〜80</td><td>枯渇ほぼ0%・floor最厚(3.0〜3.4倍)。実質レポート本命（ほぼ無レバ金）</td></tr><tr><td>⚖️ あなた（成長重視・暴落許容）</td><td class='lev'>60〜75 : 40〜25</td><td>floor 2〜2.8倍を残しつつ中央値25〜30倍。合理点より成長寄り</td></tr><tr><td>🚀 成長 最優先（攻め）</td><td class='lev'>100 : 0</td><td>中央値33倍・幾何成長 最大。ただし floor1.4倍・枯渇1.7%・DD≈−48%＝金に全張り</td></tr><tr><td>❌ 何もしない（現状維持・非推奨）</td><td class='lev'>レバ57%</td><td>枯渇13%・floor 0・DD−78%＝どの立場でも最下位（売らないのが最悪）</td></tr></table><p class='seq'>※ <b>「数学的に合理」も唯一の正解ではない</b>：破産回避を満たしつつ幾何成長を最大化する効率点だが、<b>悲観プールの金高騰に依存</b>し、楽観相場（暴落なし）では逆に高レバ寄りが有利になる。ほぼ無条件で言えるのは<b>「レバナス（NASDAQ2倍）は残さない＝0%が全立場で優位」</b>という点だけ。</p><p class='seq'>※ ゴールドプラスは実NAV較正済み（モデルB・相関0.85）。<b>金依存が濃く・総レバ200%でDDは深い・財務ドラッグ恒久・楽観相場では高レバが有利</b>＝前提依存の条件付き目安（① の図④・レポート§13参照）。</p></div>
<div class="cond"><h2>📋 この図の検証条件</h2><ul><li><b>手法</b>：過去の月次リターンを <b>12ヶ月ブロックでブートストラップ</b>したモンテカルロ（暴落の連続を保持）。<ul style="margin:.35rem 0 .2rem;padding-left:1.1rem;font-size:12px;color:#9AA4B8;line-height:1.6"><li><b>モンテカルロ</b>＝サイコロを何千回も振るように、ありえる相場の道筋を <b>3,000通り</b>シミュレーションして「だいたいこのへんに収まる」という分布を見る方法。未来を1本の予想線で当てにいくのではなく、運の良し悪しの幅ごと眺める。</li><li><b>ブートストラップ</b>＝将来のリターンを数式で仮定するのではなく、<b>実際に過去に起きた月次リターンをくじ引きのように引き直して</b>未来30年分をつなぎ合わせる。だから「ありえない値動き」ではなく、現実に起きたのと同じ性質の値動きになる。</li><li><b>12ヶ月ブロック</b>＝1ヶ月ずつバラバラに引くと暴落が“単発の1ヶ月”に薄まってしまう。そこで <b>連続した12ヶ月をひとかたまりのまま引く</b>ことで、「暴落が何ヶ月も続く」「下げの翌月もまた下げる」といった<b>連鎖（最悪期のしつこさ）</b>を壊さずに残す。レバレッジは連続下落で大きく傷むため、ここを正しく再現するのが肝。</li></ul></li>
<li><b>相場前提</b>：<b>悲観プール（2000〜2026＝ドットコム・リーマン暴落を含む長期史）</b>。在サンプル(2010-26)は上昇相場に偏るため長期判断には使わない。</li>
<li><b>配分</b>：その他株（無レバS&P500等）32%は固定。レバ以外の残りを <b>ゴールド : 長期米国債 = 60 : 40</b>。</li>
<li><b>為替</b>：すべて<b>ヘッジなし</b>（USD建て資産は円換算＝円高リスク込み）。</li>
<li><b>レバ2倍</b>：月次近似（<b>実物2倍ETF QLDと相関0.997で検証済み</b>＝レバを不利化していない）。</li>
<li><b>表示</b>：実質値（インフレ調整後）・<b>開始資産=1.0倍に正規化</b>（個人の資産額は非表示）。</li>
<li><b>引き出し額</b>：<b>スライダーで毎月10〜100万円（10万円刻み）</b>に変更可（インフレ2%連動・比例取崩＋年1回リバランス）。表示中の地図はその額での結果。</li>
<li><b>期間 / 試行</b>：30年 / 8,000パス。</li>
<li><b>対象</b>：ゴールドプラスNASDAQ版（株100%+金100%=200%・先物・ヘッジなし・信託0.2%）。実NAVで較正（モデルB・相関0.85）。</li>
<li><b>2軸</b>：縦=レバナス残し%／横=クッション(68−レバ)のうちゴールドプラス割合（残りは現物金）。株32%固定。</li>
<li><b>指標</b>：floor=実質終端P5（倍）／枯渇率%／中央値（倍）／最大DD%。開始=1.0倍に正規化（個人額は非表示）。</li>
<li><b>財務ドラッグ</b>：USD短期金利＋ロール1.7%＋信託0.2%（較正値・MCは歴史的金利に連動）。</li></ul>
<p class="note">※ ゴールドプラスは合成だが実NAV較正済み（相関0.85）。金・前提依存の条件付き目安。投資助言ではない。</p>
<p class="note"><a href="index.html">← 一覧へ戻る</a></p></div>
<script>(function(){var DATA={"10": {"floor": [[4.9, 5.34, 5.37, 4.98, 4.25, 3.21], [4.58, 4.5, 4.18, 3.63, 3.01, 2.34], [3.59, 3.3, 2.94, 2.53, 2.05, 1.56], [2.46, 2.18, 1.89, 1.6, 1.29, 0.99], [1.44, 1.27, 1.07, 0.91, 0.73, 0.58], [0.68, 0.6, 0.52, 0.44, 0.35, 0.29], [0.34, 0.3, 0.26, 0.23, 0.19, 0.16]], "dep": [[0.0, 0.0, 0.0, 0.0, 0.0, 0.0], [0.0, 0.0, 0.0, 0.0, 0.0, 0.1], [0.0, 0.0, 0.0, 0.0, 0.1, 0.1], [0.0, 0.0, 0.0, 0.1, 0.1, 0.3], [0.1, 0.1, 0.2, 0.3, 0.4, 0.8], [0.4, 0.5, 0.8, 1.0, 1.2, 1.5], [1.2, 1.4, 1.6, 1.8, 1.9, 2.2]], "med": [[15.5, 20.6, 26.1, 32.1, 38.0, 42.8], [18.4, 22.6, 26.9, 31.1, 34.6, 37.4], [20.4, 23.5, 26.1, 28.8, 30.8, 32.0], [20.8, 22.7, 24.3, 25.6, 26.3, 26.6], [19.8, 20.5, 21.0, 21.3, 21.5, 21.3], [16.9, 17.1, 17.1, 16.9, 16.7, 16.4], [14.3, 14.1, 14.0, 13.9, 13.7, 13.5]], "dd": [[-30.0, -33.0, -37.0, -43.0, -49.0, -57.0], [-34.0, -38.0, -43.0, -49.0, -55.0, -61.0], [-40.0, -45.0, -50.0, -55.0, -60.0, -65.0], [-50.0, -54.0, -58.0, -62.0, -66.0, -69.0], [-60.0, -63.0, -65.0, -68.0, -71.0, -74.0], [-70.0, -71.0, -73.0, -75.0, -76.0, -78.0], [-76.0, -77.0, -78.0, -79.0, -80.0, -81.0]], "gross": [[100, 114, 127, 141, 154, 168], [110, 122, 133, 145, 156, 168], [120, 130, 139, 149, 158, 168], [130, 138, 145, 153, 160, 168], [140, 146, 151, 157, 162, 168], [150, 154, 157, 161, 164, 168], [157, 159, 161, 164, 166, 168]], "gp": [[0, 14, 27, 41, 54, 68], [0, 12, 23, 35, 46, 58], [0, 10, 19, 29, 38, 48], [0, 8, 15, 23, 30, 38], [0, 6, 11, 17, 22, 28], [0, 4, 7, 11, 14, 18], [0, 2, 4, 7, 9, 11]], "gold": [[68, 54, 41, 27, 14, 0], [58, 46, 35, 23, 12, 0], [48, 38, 29, 19, 10, 0], [38, 30, 23, 15, 8, 0], [28, 22, 17, 11, 6, 0], [18, 14, 11, 7, 4, 0], [11, 9, 7, 4, 2, 0]]}, "20": {"floor": [[4.4, 4.84, 4.86, 4.42, 3.75, 2.79], [4.13, 4.04, 3.71, 3.22, 2.63, 1.96], [3.2, 2.92, 2.54, 2.12, 1.72, 1.24], [2.13, 1.86, 1.55, 1.27, 0.99, 0.7], [1.15, 0.97, 0.8, 0.64, 0.48, 0.34], [0.45, 0.37, 0.29, 0.22, 0.14, 0.08], [0.12, 0.09, 0.06, 0.04, 0.01, 0.0]], "dep": [[0.0, 0.0, 0.0, 0.0, 0.0, 0.1], [0.0, 0.0, 0.0, 0.0, 0.1, 0.3], [0.0, 0.0, 0.1, 0.1, 0.3, 0.7], [0.1, 0.1, 0.3, 0.5, 0.8, 1.3], [0.4, 0.6, 0.9, 1.3, 1.7, 2.3], [1.8, 1.9, 2.4, 2.8, 3.3, 3.9], [3.5, 3.8, 4.2, 4.5, 4.8, 5.3]], "med": [[14.6, 19.4, 24.7, 30.4, 36.0, 40.6], [17.4, 21.4, 25.5, 29.3, 32.9, 35.5], [19.2, 22.1, 24.6, 27.1, 28.9, 30.3], [19.5, 21.3, 22.8, 23.9, 24.5, 24.9], [18.5, 19.3, 19.6, 19.9, 20.0, 19.8], [15.8, 15.7, 15.7, 15.6, 15.4, 15.1], [13.0, 12.9, 12.8, 12.7, 12.5, 12.2]], "dd": [[-30.0, -33.0, -38.0, -43.0, -50.0, -57.0], [-34.0, -38.0, -43.0, -49.0, -55.0, -61.0], [-41.0, -45.0, -50.0, -55.0, -60.0, -65.0], [-50.0, -54.0, -58.0, -62.0, -66.0, -70.0], [-60.0, -63.0, -66.0, -69.0, -71.0, -74.0], [-70.0, -72.0, -73.0, -75.0, -77.0, -78.0], [-76.0, -77.0, -78.0, -79.0, -80.0, -81.0]], "gross": [[100, 114, 127, 141, 154, 168], [110, 122, 133, 145, 156, 168], [120, 130, 139, 149, 158, 168], [130, 138, 145, 153, 160, 168], [140, 146, 151, 157, 162, 168], [150, 154, 157, 161, 164, 168], [157, 159, 161, 164, 166, 168]], "gp": [[0, 14, 27, 41, 54, 68], [0, 12, 23, 35, 46, 58], [0, 10, 19, 29, 38, 48], [0, 8, 15, 23, 30, 38], [0, 6, 11, 17, 22, 28], [0, 4, 7, 11, 14, 18], [0, 2, 4, 7, 9, 11]], "gold": [[68, 54, 41, 27, 14, 0], [58, 46, 35, 23, 12, 0], [48, 38, 29, 19, 10, 0], [38, 30, 23, 15, 8, 0], [28, 22, 17, 11, 6, 0], [18, 14, 11, 7, 4, 0], [11, 9, 7, 4, 2, 0]]}, "30": {"floor": [[3.96, 4.35, 4.33, 3.9, 3.21, 2.34], [3.66, 3.54, 3.2, 2.74, 2.2, 1.57], [2.81, 2.46, 2.13, 1.75, 1.34, 0.88], [1.75, 1.5, 1.21, 0.92, 0.66, 0.41], [0.83, 0.67, 0.51, 0.35, 0.21, 0.07], [0.18, 0.11, 0.05, 0.0, 0.0, 0.0], [0.0, 0.0, 0.0, 0.0, 0.0, 0.0]], "dep": [[0.0, 0.0, 0.0, 0.0, 0.1, 0.4], [0.0, 0.0, 0.1, 0.1, 0.4, 0.9], [0.1, 0.1, 0.2, 0.5, 0.9, 1.6], [0.3, 0.5, 0.8, 1.2, 1.8, 2.7], [1.2, 1.6, 2.2, 2.7, 3.4, 4.4], [3.6, 4.0, 4.5, 5.3, 5.9, 6.7], [6.2, 6.6, 7.2, 7.8, 8.5, 9.1]], "med": [[13.6, 18.2, 23.3, 28.6, 33.9, 38.3], [16.3, 20.0, 24.0, 27.7, 30.9, 33.5], [18.1, 20.7, 23.2, 25.5, 27.1, 28.3], [18.3, 19.9, 21.3, 22.3, 23.0, 23.0], [17.3, 17.9, 18.2, 18.4, 18.5, 18.2], [14.4, 14.4, 14.3, 14.2, 14.0, 13.7], [11.8, 11.6, 11.5, 11.3, 11.1, 10.9]], "dd": [[-30.0, -34.0, -38.0, -43.0, -50.0, -57.0], [-34.0, -38.0, -43.0, -49.0, -55.0, -61.0], [-41.0, -45.0, -50.0, -55.0, -61.0, -66.0], [-50.0, -54.0, -58.0, -62.0, -66.0, -70.0], [-60.0, -63.0, -66.0, -69.0, -72.0, -75.0], [-70.0, -72.0, -74.0, -75.0, -77.0, -79.0], [-77.0, -78.0, -79.0, -80.0, -81.0, -82.0]], "gross": [[100, 114, 127, 141, 154, 168], [110, 122, 133, 145, 156, 168], [120, 130, 139, 149, 158, 168], [130, 138, 145, 153, 160, 168], [140, 146, 151, 157, 162, 168], [150, 154, 157, 161, 164, 168], [157, 159, 161, 164, 166, 168]], "gp": [[0, 14, 27, 41, 54, 68], [0, 12, 23, 35, 46, 58], [0, 10, 19, 29, 38, 48], [0, 8, 15, 23, 30, 38], [0, 6, 11, 17, 22, 28], [0, 4, 7, 11, 14, 18], [0, 2, 4, 7, 9, 11]], "gold": [[68, 54, 41, 27, 14, 0], [58, 46, 35, 23, 12, 0], [48, 38, 29, 19, 10, 0], [38, 30, 23, 15, 8, 0], [28, 22, 17, 11, 6, 0], [18, 14, 11, 7, 4, 0], [11, 9, 7, 4, 2, 0]]}, "40": {"floor": [[3.49, 3.83, 3.77, 3.37, 2.72, 1.9], [3.18, 3.06, 2.77, 2.29, 1.75, 1.11], [2.35, 2.09, 1.75, 1.39, 0.92, 0.54], [1.39, 1.14, 0.86, 0.59, 0.33, 0.07], [0.49, 0.35, 0.18, 0.03, 0.0, 0.0], [0.0, 0.0, 0.0, 0.0, 0.0, 0.0], [0.0, 0.0, 0.0, 0.0, 0.0, 0.0]], "dep": [[0.0, 0.0, 0.1, 0.1, 0.4, 1.0], [0.0, 0.1, 0.2, 0.5, 0.9, 1.6], [0.1, 0.3, 0.7, 1.1, 1.8, 2.8], [0.7, 1.1, 1.7, 2.4, 3.3, 4.5], [2.4, 3.0, 3.9, 4.8, 5.7, 6.8], [5.8, 6.4, 7.2, 8.1, 9.1, 10.3], [9.6, 10.2, 10.9, 11.6, 12.3, 13.1]], "med": [[12.7, 17.0, 22.0, 27.0, 32.0, 36.1], [15.1, 18.7, 22.6, 26.1, 29.0, 31.3], [16.8, 19.4, 21.8, 23.8, 25.4, 26.3], [17.1, 18.5, 19.8, 20.7, 21.3, 21.3], [16.0, 16.4, 16.7, 17.0, 17.0, 16.7], [13.2, 13.2, 13.1, 12.9, 12.7, 12.3], [10.6, 10.4, 10.2, 10.1, 9.9, 9.7]], "dd": [[-30.0, -34.0, -38.0, -43.0, -50.0, -57.0], [-34.0, -38.0, -43.0, -49.0, -55.0, -62.0], [-41.0, -46.0, -51.0, -56.0, -61.0, -66.0], [-51.0, -55.0, -59.0, -63.0, -67.0, -70.0], [-61.0, -64.0, -67.0, -69.0, -72.0, -75.0], [-71.0, -73.0, -74.0, -76.0, -78.0, -79.0], [-77.0, -78.0, -79.0, -80.0, -81.0, -82.0]], "gross": [[100, 114, 127, 141, 154, 168], [110, 122, 133, 145, 156, 168], [120, 130, 139, 149, 158, 168], [130, 138, 145, 153, 160, 168], [140, 146, 151, 157, 162, 168], [150, 154, 157, 161, 164, 168], [157, 159, 161, 164, 166, 168]], "gp": [[0, 14, 27, 41, 54, 68], [0, 12, 23, 35, 46, 58], [0, 10, 19, 29, 38, 48], [0, 8, 15, 23, 30, 38], [0, 6, 11, 17, 22, 28], [0, 4, 7, 11, 14, 18], [0, 2, 4, 7, 9, 11]], "gold": [[68, 54, 41, 27, 14, 0], [58, 46, 35, 23, 12, 0], [48, 38, 29, 19, 10, 0], [38, 30, 23, 15, 8, 0], [28, 22, 17, 11, 6, 0], [18, 14, 11, 7, 4, 0], [11, 9, 7, 4, 2, 0]]}, "50": {"floor": [[3.01, 3.33, 3.18, 2.77, 2.15, 1.37], [2.7, 2.57, 2.28, 1.85, 1.25, 0.66], [1.91, 1.69, 1.31, 0.91, 0.53, 0.09], [0.95, 0.7, 0.47, 0.19, 0.0, 0.0], [0.12, 0.0, 0.0, 0.0, 0.0, 0.0], [0.0, 0.0, 0.0, 0.0, 0.0, 0.0], [0.0, 0.0, 0.0, 0.0, 0.0, 0.0]], "dep": [[0.0, 0.1, 0.1, 0.3, 0.9, 1.7], [0.1, 0.2, 0.4, 0.9, 1.6, 2.9], [0.4, 0.7, 1.3, 2.0, 3.1, 4.6], [1.6, 2.2, 3.0, 4.0, 5.3, 6.7], [4.3, 5.0, 5.9, 7.1, 8.2, 9.8], [8.6, 9.4, 10.3, 11.6, 12.6, 13.7], [13.3, 14.0, 14.5, 15.3, 16.0, 16.8]], "med": [[11.8, 15.8, 20.6, 25.3, 30.1, 33.7], [14.1, 17.5, 21.1, 24.4, 27.2, 29.0], [15.6, 18.0, 20.2, 22.3, 23.5, 24.3], [15.8, 17.2, 18.3, 19.1, 19.6, 19.6], [14.5, 15.0, 15.4, 15.4, 15.4, 15.2], [12.0, 11.9, 11.8, 11.6, 11.3, 11.1], [9.4, 9.3, 9.1, 9.0, 8.8, 8.5]], "dd": [[-30.0, -34.0, -38.0, -44.0, -50.0, -58.0], [-34.0, -38.0, -44.0, -50.0, -56.0, -62.0], [-41.0, -46.0, -51.0, -56.0, -61.0, -66.0], [-51.0, -55.0, -59.0, -63.0, -67.0, -71.0], [-61.0, -64.0, -67.0, -70.0, -73.0, -75.0], [-71.0, -73.0, -75.0, -76.0, -78.0, -80.0], [-78.0, -79.0, -80.0, -81.0, -82.0, -83.0]], "gross": [[100, 114, 127, 141, 154, 168], [110, 122, 133, 145, 156, 168], [120, 130, 139, 149, 158, 168], [130, 138, 145, 153, 160, 168], [140, 146, 151, 157, 162, 168], [150, 154, 157, 161, 164, 168], [157, 159, 161, 164, 166, 168]], "gp": [[0, 14, 27, 41, 54, 68], [0, 12, 23, 35, 46, 58], [0, 10, 19, 29, 38, 48], [0, 8, 15, 23, 30, 38], [0, 6, 11, 17, 22, 28], [0, 4, 7, 11, 14, 18], [0, 2, 4, 7, 9, 11]], "gold": [[68, 54, 41, 27, 14, 0], [58, 46, 35, 23, 12, 0], [48, 38, 29, 19, 10, 0], [38, 30, 23, 15, 8, 0], [28, 22, 17, 11, 6, 0], [18, 14, 11, 7, 4, 0], [11, 9, 7, 4, 2, 0]]}, "60": {"floor": [[2.52, 2.78, 2.63, 2.27, 1.6, 0.82], [2.2, 2.08, 1.79, 1.33, 0.78, 0.17], [1.44, 1.15, 0.85, 0.44, 0.07, 0.0], [0.52, 0.28, 0.04, 0.0, 0.0, 0.0], [0.0, 0.0, 0.0, 0.0, 0.0, 0.0], [0.0, 0.0, 0.0, 0.0, 0.0, 0.0], [0.0, 0.0, 0.0, 0.0, 0.0, 0.0]], "dep": [[0.1, 0.2, 0.4, 0.8, 1.5, 2.9], [0.3, 0.5, 1.0, 1.6, 2.9, 4.4], [1.0, 1.5, 2.2, 3.4, 4.8, 6.4], [2.8, 3.9, 4.8, 6.1, 7.5, 9.2], [6.2, 7.3, 8.4, 9.8, 11.3, 13.0], [11.9, 12.8, 13.9, 14.9, 16.2, 17.4], [16.8, 17.7, 18.4, 19.4, 20.3, 21.0]], "med": [[10.8, 14.7, 19.1, 23.6, 28.0, 31.3], [13.0, 16.2, 19.6, 22.6, 25.3, 27.0], [14.4, 16.7, 18.7, 20.6, 21.8, 22.4], [14.5, 15.7, 16.8, 17.5, 17.8, 17.6], [13.2, 13.6, 13.9, 13.9, 13.8, 13.6], [10.7, 10.7, 10.5, 10.3, 10.1, 9.7], [8.4, 8.3, 8.1, 7.9, 7.7, 7.5]], "dd": [[-30.0, -34.0, -38.0, -44.0, -51.0, -58.0], [-34.0, -39.0, -44.0, -50.0, -56.0, -62.0], [-42.0, -46.0, -51.0, -56.0, -62.0, -67.0], [-51.0, -55.0, -59.0, -63.0, -67.0, -71.0], [-62.0, -65.0, -68.0, -70.0, -73.0, -76.0], [-72.0, -74.0, -75.0, -77.0, -79.0, -80.0], [-78.0, -80.0, -80.0, -81.0, -82.0, -83.0]], "gross": [[100, 114, 127, 141, 154, 168], [110, 122, 133, 145, 156, 168], [120, 130, 139, 149, 158, 168], [130, 138, 145, 153, 160, 168], [140, 146, 151, 157, 162, 168], [150, 154, 157, 161, 164, 168], [157, 159, 161, 164, 166, 168]], "gp": [[0, 14, 27, 41, 54, 68], [0, 12, 23, 35, 46, 58], [0, 10, 19, 29, 38, 48], [0, 8, 15, 23, 30, 38], [0, 6, 11, 17, 22, 28], [0, 4, 7, 11, 14, 18], [0, 2, 4, 7, 9, 11]], "gold": [[68, 54, 41, 27, 14, 0], [58, 46, 35, 23, 12, 0], [48, 38, 29, 19, 10, 0], [38, 30, 23, 15, 8, 0], [28, 22, 17, 11, 6, 0], [18, 14, 11, 7, 4, 0], [11, 9, 7, 4, 2, 0]]}, "70": {"floor": [[2.03, 2.19, 2.08, 1.67, 1.02, 0.26], [1.69, 1.56, 1.22, 0.8, 0.23, 0.0], [0.93, 0.71, 0.37, 0.0, 0.0, 0.0], [0.09, 0.0, 0.0, 0.0, 0.0, 0.0], [0.0, 0.0, 0.0, 0.0, 0.0, 0.0], [0.0, 0.0, 0.0, 0.0, 0.0, 0.0], [0.0, 0.0, 0.0, 0.0, 0.0, 0.0]], "dep": [[0.3, 0.4, 0.8, 1.4, 2.6, 4.3], [0.7, 1.2, 1.8, 2.9, 4.3, 6.3], [1.9, 2.8, 3.8, 5.0, 6.7, 8.8], [4.6, 5.6, 6.9, 8.1, 10.2, 12.1], [8.8, 10.0, 11.3, 12.9, 14.5, 16.3], [15.2, 16.2, 17.4, 18.7, 19.9, 21.1], [21.1, 21.7, 22.5, 23.1, 23.9, 24.8]], "med": [[9.9, 13.5, 17.7, 21.9, 26.0, 29.0], [11.9, 14.9, 18.1, 20.9, 23.3, 24.9], [13.2, 15.4, 17.2, 19.0, 20.1, 20.4], [13.3, 14.4, 15.4, 15.9, 16.2, 16.0], [12.0, 12.4, 12.5, 12.5, 12.3, 12.0], [9.6, 9.5, 9.4, 9.2, 8.9, 8.6], [7.3, 7.2, 7.0, 6.8, 6.6, 6.4]], "dd": [[-31.0, -34.0, -38.0, -44.0, -51.0, -58.0], [-35.0, -39.0, -44.0, -50.0, -56.0, -63.0], [-42.0, -47.0, -52.0, -57.0, -62.0, -67.0], [-52.0, -56.0, -60.0, -64.0, -68.0, -72.0], [-62.0, -65.0, -68.0, -71.0, -74.0, -76.0], [-73.0, -74.0, -76.0, -78.0, -79.0, -81.0], [-79.0, -80.0, -81.0, -82.0, -83.0, -84.0]], "gross": [[100, 114, 127, 141, 154, 168], [110, 122, 133, 145, 156, 168], [120, 130, 139, 149, 158, 168], [130, 138, 145, 153, 160, 168], [140, 146, 151, 157, 162, 168], [150, 154, 157, 161, 164, 168], [157, 159, 161, 164, 166, 168]], "gp": [[0, 14, 27, 41, 54, 68], [0, 12, 23, 35, 46, 58], [0, 10, 19, 29, 38, 48], [0, 8, 15, 23, 30, 38], [0, 6, 11, 17, 22, 28], [0, 4, 7, 11, 14, 18], [0, 2, 4, 7, 9, 11]], "gold": [[68, 54, 41, 27, 14, 0], [58, 46, 35, 23, 12, 0], [48, 38, 29, 19, 10, 0], [38, 30, 23, 15, 8, 0], [28, 22, 17, 11, 6, 0], [18, 14, 11, 7, 4, 0], [11, 9, 7, 4, 2, 0]]}, "80": {"floor": [[1.49, 1.64, 1.5, 1.06, 0.44, 0.0], [1.18, 1.02, 0.7, 0.22, 0.0, 0.0], [0.47, 0.15, 0.0, 0.0, 0.0, 0.0], [0.0, 0.0, 0.0, 0.0, 0.0, 0.0], [0.0, 0.0, 0.0, 0.0, 0.0, 0.0], [0.0, 0.0, 0.0, 0.0, 0.0, 0.0], [0.0, 0.0, 0.0, 0.0, 0.0, 0.0]], "dep": [[0.7, 0.9, 1.5, 2.5, 3.9, 6.1], [1.5, 2.2, 3.1, 4.3, 6.1, 8.4], [3.4, 4.4, 5.7, 7.2, 9.1, 11.5], [6.7, 7.9, 9.4, 11.0, 13.0, 15.2], [11.7, 12.9, 14.6, 16.1, 18.0, 19.9], [19.1, 20.1, 21.3, 22.3, 23.4, 24.5], [24.7, 25.4, 26.0, 26.6, 27.4, 28.1]], "med": [[8.9, 12.3, 16.3, 20.2, 23.9, 26.7], [10.9, 13.6, 16.5, 19.3, 21.2, 22.9], [12.0, 14.0, 15.7, 17.2, 18.3, 18.6], [12.0, 13.1, 13.9, 14.5, 14.7, 14.4], [10.7, 10.9, 11.2, 11.1, 10.9, 10.6], [8.3, 8.2, 8.1, 8.0, 7.7, 7.3], [6.2, 6.1, 6.0, 5.9, 5.7, 5.4]], "dd": [[-31.0, -34.0, -39.0, -45.0, -51.0, -59.0], [-35.0, -39.0, -45.0, -51.0, -57.0, -63.0], [-43.0, -47.0, -52.0, -57.0, -62.0, -68.0], [-52.0, -56.0, -60.0, -65.0, -68.0, -72.0], [-63.0, -66.0, -69.0, -72.0, -74.0, -77.0], [-73.0, -75.0, -77.0, -78.0, -80.0, -82.0], [-80.0, -81.0, -82.0, -83.0, -84.0, -85.0]], "gross": [[100, 114, 127, 141, 154, 168], [110, 122, 133, 145, 156, 168], [120, 130, 139, 149, 158, 168], [130, 138, 145, 153, 160, 168], [140, 146, 151, 157, 162, 168], [150, 154, 157, 161, 164, 168], [157, 159, 161, 164, 166, 168]], "gp": [[0, 14, 27, 41, 54, 68], [0, 12, 23, 35, 46, 58], [0, 10, 19, 29, 38, 48], [0, 8, 15, 23, 30, 38], [0, 6, 11, 17, 22, 28], [0, 4, 7, 11, 14, 18], [0, 2, 4, 7, 9, 11]], "gold": [[68, 54, 41, 27, 14, 0], [58, 46, 35, 23, 12, 0], [48, 38, 29, 19, 10, 0], [38, 30, 23, 15, 8, 0], [28, 22, 17, 11, 6, 0], [18, 14, 11, 7, 4, 0], [11, 9, 7, 4, 2, 0]]}, "90": {"floor": [[0.98, 1.05, 0.86, 0.44, 0.0, 0.0], [0.64, 0.43, 0.1, 0.0, 0.0, 0.0], [0.0, 0.0, 0.0, 0.0, 0.0, 0.0], [0.0, 0.0, 0.0, 0.0, 0.0, 0.0], [0.0, 0.0, 0.0, 0.0, 0.0, 0.0], [0.0, 0.0, 0.0, 0.0, 0.0, 0.0], [0.0, 0.0, 0.0, 0.0, 0.0, 0.0]], "dep": [[1.7, 2.0, 2.7, 3.9, 5.6, 8.1], [2.9, 3.5, 4.6, 6.3, 8.3, 11.0], [5.2, 6.4, 7.9, 9.6, 11.6, 14.1], [9.3, 10.7, 12.1, 13.9, 16.2, 18.6], [15.2, 16.7, 18.2, 19.9, 21.3, 23.0], [22.7, 23.7, 24.5, 25.6, 26.8, 27.7], [28.1, 28.7, 29.4, 30.0, 30.6, 31.4]], "med": [[8.0, 11.2, 14.9, 18.6, 22.1, 24.6], [9.8, 12.3, 15.1, 17.6, 19.4, 20.8], [10.8, 12.6, 14.2, 15.6, 16.6, 16.9], [10.8, 11.7, 12.4, 13.0, 13.1, 12.9], [9.4, 9.6, 9.8, 9.7, 9.6, 9.3], [7.2, 7.1, 7.0, 6.8, 6.6, 6.2], [5.3, 5.1, 5.0, 4.8, 4.6, 4.4]], "dd": [[-31.0, -34.0, -39.0, -45.0, -52.0, -59.0], [-35.0, -40.0, -45.0, -51.0, -57.0, -63.0], [-43.0, -48.0, -53.0, -58.0, -63.0, -68.0], [-53.0, -57.0, -61.0, -65.0, -69.0, -73.0], [-64.0, -67.0, -69.0, -72.0, -75.0, -78.0], [-74.0, -76.0, -78.0, -79.0, -81.0, -82.0], [-81.0, -82.0, -83.0, -84.0, -85.0, -86.0]], "gross": [[100, 114, 127, 141, 154, 168], [110, 122, 133, 145, 156, 168], [120, 130, 139, 149, 158, 168], [130, 138, 145, 153, 160, 168], [140, 146, 151, 157, 162, 168], [150, 154, 157, 161, 164, 168], [157, 159, 161, 164, 166, 168]], "gp": [[0, 14, 27, 41, 54, 68], [0, 12, 23, 35, 46, 58], [0, 10, 19, 29, 38, 48], [0, 8, 15, 23, 30, 38], [0, 6, 11, 17, 22, 28], [0, 4, 7, 11, 14, 18], [0, 2, 4, 7, 9, 11]], "gold": [[68, 54, 41, 27, 14, 0], [58, 46, 35, 23, 12, 0], [48, 38, 29, 19, 10, 0], [38, 30, 23, 15, 8, 0], [28, 22, 17, 11, 6, 0], [18, 14, 11, 7, 4, 0], [11, 9, 7, 4, 2, 0]]}, "100": {"floor": [[0.44, 0.49, 0.23, 0.0, 0.0, 0.0], [0.09, 0.0, 0.0, 0.0, 0.0, 0.0], [0.0, 0.0, 0.0, 0.0, 0.0, 0.0], [0.0, 0.0, 0.0, 0.0, 0.0, 0.0], [0.0, 0.0, 0.0, 0.0, 0.0, 0.0], [0.0, 0.0, 0.0, 0.0, 0.0, 0.0], [0.0, 0.0, 0.0, 0.0, 0.0, 0.0]], "dep": [[3.3, 3.5, 4.2, 5.7, 7.9, 10.4], [4.8, 5.5, 6.9, 8.6, 10.8, 13.5], [7.8, 9.0, 10.4, 12.3, 14.7, 17.1], [12.3, 13.7, 15.3, 17.3, 19.6, 21.6], [19.1, 20.2, 21.7, 23.1, 24.5, 26.1], [26.1, 27.0, 28.0, 28.9, 30.2, 31.1], [32.0, 32.4, 33.2, 33.8, 34.6, 35.2]], "med": [[7.0, 9.9, 13.4, 17.0, 20.3, 22.5], [8.7, 11.1, 13.7, 15.9, 17.7, 19.0], [9.6, 11.3, 12.8, 14.0, 14.9, 15.1], [9.6, 10.3, 11.0, 11.5, 11.7, 11.4], [8.2, 8.6, 8.6, 8.5, 8.4, 7.9], [6.1, 6.1, 5.9, 5.7, 5.5, 5.2], [4.3, 4.2, 4.0, 3.9, 3.7, 3.5]], "dd": [[-31.0, -35.0, -39.0, -45.0, -52.0, -60.0], [-36.0, -40.0, -46.0, -52.0, -58.0, -64.0], [-44.0, -49.0, -53.0, -59.0, -64.0, -69.0], [-54.0, -58.0, -62.0, -66.0, -70.0, -74.0], [-65.0, -68.0, -70.0, -73.0, -76.0, -79.0], [-75.0, -77.0, -79.0, -80.0, -82.0, -83.0], [-82.0, -83.0, -84.0, -85.0, -86.0, -87.0]], "gross": [[100, 114, 127, 141, 154, 168], [110, 122, 133, 145, 156, 168], [120, 130, 139, 149, 158, 168], [130, 138, 145, 153, 160, 168], [140, 146, 151, 157, 162, 168], [150, 154, 157, 161, 164, 168], [157, 159, 161, 164, 166, 168]], "gp": [[0, 14, 27, 41, 54, 68], [0, 12, 23, 35, 46, 58], [0, 10, 19, 29, 38, 48], [0, 8, 15, 23, 30, 38], [0, 6, 11, 17, 22, 28], [0, 4, 7, 11, 14, 18], [0, 2, 4, 7, 9, 11]], "gold": [[68, 54, 41, 27, 14, 0], [58, 46, 35, 23, 12, 0], [48, 38, 29, 19, 10, 0], [38, 30, 23, 15, 8, 0], [28, 22, 17, 11, 6, 0], [18, 14, 11, 7, 4, 0], [11, 9, 7, 4, 2, 0]]}};var META={"floor": {"cs": [[0, "#FF5D73"], [0.5, "#7A6BFF"], [1, "#1E9E84"]], "zmin": 0, "zmax": 5.37, "tt": "%{z:.2f}"}, "dep": {"cs": [[0, "#1E9E84"], [0.5, "#7A6BFF"], [1, "#FF5D73"]], "zmin": 0, "zmax": 35.2, "tt": "%{z:.1f}"}, "med": {"cs": [[0, "#FF5D73"], [0.5, "#7A6BFF"], [1, "#1E9E84"]], "zmin": 3.5, "zmax": 42.8, "tt": "%{z:.1f}"}, "dd": {"cs": [[0, "#FF5D73"], [0.5, "#7A6BFF"], [1, "#1E9E84"]], "zmin": -87.0, "zmax": -30.0, "tt": "%{z:.0f}"}, "gross": {"cs": [[0, "#2A2350"], [1, "#A99CFF"]], "zmin": 100, "zmax": 168, "tt": "%{z:.0f}%"}};var W='50',M='floor';function ca(w){var d=DATA[w],ny=d.floor.length,nx=d.floor[0].length,c=[];for(var i=0;i<ny;i++){var r=[];for(var j=0;j<nx;j++){r.push([d.floor[i][j],d.dep[i][j],d.med[i][j],d.dd[i][j],d.gross[i][j],d.gp[i][j],d.gold[i][j]]);}c.push(r);}return c;}function upd(){var gd=document.getElementById('gpmap');if(!gd||!window.Plotly)return;var d=DATA[W][M],m=META[M];Plotly.restyle(gd,{z:[d],text:[d],customdata:[ca(W)],colorscale:[m.cs],zmin:[m.zmin],zmax:[m.zmax],texttemplate:[m.tt]});}function init(){var sl=document.getElementById('wslider');if(sl){sl.addEventListener('input',function(){W=sl.value;document.getElementById('wlabel').textContent=W;upd();});}document.querySelectorAll('.gpm').forEach(function(b){b.addEventListener('click',function(){M=b.getAttribute('data-m');document.querySelectorAll('.gpm').forEach(function(x){x.classList.remove('active');});b.classList.add('active');upd();});});}if(document.readyState!=='loading')init();else document.addEventListener('DOMContentLoaded',init);})();</script>
</body></html>